Tipo PC	D (m)	Lcrav (m)	h (m)	WM (kN)	Nega (mm/10gp)	Ep (GPa)	West (kN)	Qlim (kN)
Estática	0,26	18,9	0,4	50	20	28	17,766	700
Estática	0,26	21,12	0,4	50	10	28	19,8528	960
Estática	0,26	10,5	1	18	0,6	28	9,87	450
Estática	0,26	11,2	1	18	10	28	10,528	450
Estática	0,26	9,25	0,6	20	0,6	28	8,695	600
Estática	0,26	3,3	0,7	22	0,4	28	3,102	600
Estática	0,33	21,1	0,5	50	10	28	30,173	1000
Estática	0,33	39,9	0,6	50	20	28	57,057	800
Estática	0,33	9,9	0,7	25	0,7	28	14,157	600
Estática	0,33	11,5	0,7	22	0,9	28	16,445	720
Estática	0,33	23	1	25	15	28	32,89	900
Estática	0,42	21,35	0,8	50	1	28	45,689	1950
Estática	0,42	12	1	50	15	28	25,68	1350
Estática	0,42	9,7	1,5	35	0,3	28	20,758	1350
Estática	0,42	21,15	1	50	0,3	28	45,261	1050
Estática	0,42	14,97	1	38	10	28	32,0358	980
Estática	0,42	23,15	1	50	40	28	49,541	1350
Estática	0,5	23	1	50	15	28	66,7	1915
Estática	0,5	21,8	1	50	18	28	63,22	1500
Estática	0,5	18	2	35	48	28	52,2	2000
Estática	0,5	15,4	2	35	50	28	44,66	2140
Estática	0,5	13,1	2	35	35	28	37,99	2200
Estática	0,5	15,8	1	50	15	28	45,82	1560
Estática	0,5	26,5	1,2	70	10	28	76,85	1800
Estática	0,5	34	1,2	70	25	28	98,6	1800
Estática	0,5	34	1,2	70	20	28	98,6	1800
Estática	0,5	14	1	40	20	28	40,6	1950
Estática	0,5	29,5	1	65	30	28	85,55	1950
Estática	0,5	27,4	1	50	15	28	79,46	1950
Estática	0,5	38,85	1	50	20	28	112,665	1950
Estática	0,5	28,75	1	65	20	28	83,375	1950
Estática	0,5	26,4	2	35	0,5	28	76,56	2100
Estática	0,5	9,4	2	35	20	28	27,26	2100
Estática	0,5	18,7	2	35	10	28	54,23	2100
Estática	0,5	28,4	2	35	7	28	82,36	1950
Estática	0,5	11,7	1,8	35	30	28	33,93	2600
Estática	0,6	9,3	2	45	10	28	36,549	2550
Estática	0,6	21,4	2	35	26	28	84,102	2920
Estática	0,6	29,8	1,2	63	10	28	117,114	2660
Estática	0,6	27,1	2	45	14	28	106,503	2800
Estática	0,6	28,7	1	63	22	28	112,791	3500
Estática	0,6	29	2	45	15	28	113,97	2550
Estática	0,6	35,5	2	35	15	28	139,515	2550
Estática	0,6	21,25	1,8	35	10	28	83,5125	2550
Estática	0,7	30,1	2	45	10	28	153,51	3450
Dinâmica	0,38	30,4	1,2	50	230	28	51,68	1880
Dinâmica	0,38	30,9	1	50	130	28	52,53	2160
Dinâmica	0,38	32,2	1,2	50	70	28	54,74	2320
Dinâmica	0,42	26,8	1,6	42	70	28	57,352	1512
Dinâmica	0,5	32	2	50	260	28	92,8	2580
Dinâmica	0,38	28,6	0,6	50	30	28	48,62	2006
Dinâmica	0,42	31,9	1,5	50	30	28	68,266	2600
Dinâmica	0,6	34,3	2,6	50	60	28	134,799	4290
Dinâmica	0,5	31,7	1,8	50	50	28	91,93	3200
Dinâmica	0,6	31,9	2,2	50	60	28	125,367	3210
Dinâmica	0,6	27,7	1,6	70	50	28	108,861	2900
Dinâmica	0,5	31,3	1,4	70	50	28	90,77	4280
Dinâmica	0,5	24,8	1,8	50	30	28	71,92	3450
Dinâmica	0,7	26,3	1,6	70	80	28	134,13	3168
Dinâmica	0,5	22,8	1,2	70	30	28	66,12	3220
Dinâmica	0,7	23	1,6	70	20	28	117,3	3256
Dinâmica	0,38	23	1,2	50	30	28	39,1	1900
Dinâmica	0,6	26,4	2,5	50	50	28	103,752	4370
Dinâmica	0,7	30,1	1,5	70	50	28	153,51	3850
Dinâmica	0,38	31,1	0,6	70	20	28	52,87	1955
Dinâmica	0,5	32,9	1,2	50	40	28	95,41	3200
Dinâmica	0,42	29,2	1,2	50	20	28	62,488	2048
Dinâmica	0,5	30,2	1,5	70	40	28	87,58	2190
Dinâmica	0,6	26,3	2	70	30	28	103,359	4100
Dinâmica	0,5	26,8	1,2	70	50	28	77,72	2750
Dinâmica	0,6	22,2	2,4	50	30	28	87,246	2800
Dinâmica	0,38	22,7	1,5	50	50	28	38,59	1500
Dinâmica	0,38	40	1,5	50	30	28	68	2660
Dinâmica	0,5	30	1,6	50	50	28	87	2950
Dinâmica	0,5	29,1	1,5	50	30	28	84,39	3580
Dinâmica	0,5	35,2	1,2	70	50	28	102,08	2800
Dinâmica	0,45	6,1	0,5	72	70	35,339	-	698
Dinâmica	0,45	17,4	0,3	72	10	35,339	-	1209
Dinâmica	0,45	18,2	0,75	72	20	34,415	-	2193
Dinâmica	0,5	14,6	0,5	72	50	29,98	-	1519
Dinâmica	0,5	13,4	1,5	35	10	26,297	-	1924
Dinâmica	0,5	17,1	1,5	35	10	29,045	-	1832
Dinâmica	0,5	13,4	1,5	35	10	26,297	-	1924
Dinâmica	0,6	25,16	1	72	5	35,154	-	4671
Dinâmica	0,6	7,1	0,75	72	45	34,415	-	1158
Dinâmica	0,6	23,2	1	72	30	33,867	-	3512
Dinâmica	0,6	18,61	0,75	73,5	2	29,98	-	5233
Dinâmica	0,6	17,7	1	72	20	29,98	-	2905
Dinâmica	0,6	20,7	1,5	72	60	31,541	-	2201
Dinâmica	0,6	20	1,5	72	70	31,541	-	2467
Dinâmica	0,6	3	1	72	120	36,275	-	2391
Dinâmica	0,6	6,3	1,5	72	10	37,224	-	2690
Dinâmica	0,6	4,1	1,5	72	40	29,98	-	1782
Dinâmica	0,6	21,3	0,5	73,5	5	30,57	-	2360
Dinâmica	0,6	22	1	35	10	29,98	-	2011
Dinâmica	0,6	22,1	1	35	10	29,98	-	2111
Dinâmica	0,6	10,3	2	73,5	45	36,09	-	2950
Dinâmica	0,6	24,8	1	72	10	27,959	-	3522
Dinâmica	0,6	18,3	1	72	10	25,77	-	3175
Dinâmica	0,6	16,4	1,5	73,5	30	25,08	-	2800
Dinâmica	0,6	10,5	1	73,5	10	35,09	-	3584
Dinâmica	0,6	13,5	0,5	72	10	29,98	-	2502
Dinâmica	0,6	12,1	0,5	72	30	29,98	-	1620
Dinâmica	0,6	11,1	0,75	72	10	29,98	-	2375
Dinâmica	0,6	19,4	0,75	80	10	36,08	-	6027
Dinâmica	0,6	27,95	0,8	80	2	36,08	-	4603
Dinâmica	0,7	23,8	1	73,5	15	30,57	-	2683
Dinâmica	0,71	20,1	1	73,5	20	30,57	-	3630
Dinâmica	0,7	20,3	1	73,5	15	30,57	-	2425
Dinâmica	0,7	10,3	1,5	73,5	60	36,3	-	2213
Dinâmica	0,7	24,7	1	72	100	29,98	-	1705
Dinâmica	0,75	4,3	1,5	72	60	37,607	-	4060
Dinâmica	0,75	15,5	3	72	30	42,291	-	3620
Dinâmica	0,75	21,6	2,5	72	40	29,98	-	3294
Dinâmica	0,75	13,9	1,2	72	73	27,498	-	2675
Dinâmica	0,75	10,7	1,2	72	70	27,498	-	2922
Dinâmica	0,75	8,5	0,75	72	60	35,339	-	1464
Dinâmica	0,75	27,8	1,75	72	50	29,98	-	3706
Dinâmica	0,75	17,6	1,5	72	40	29,98	-	3953
Dinâmica	0,75	14,3	1,5	72	40	34,415	-	3436
Dinâmica	0,75	14,2	1	72	10	35,339	-	4012
Dinâmica	0,75	18,5	1,75	72	20	29,98	-	4206
Dinâmica	0,75	17,04	1	75	20	34,415	-	3977
Dinâmica	0,75	16,9	0,75	75	20	29,98	-	2911
Dinâmica	0,75	12,9	0,5	75	20	34,049	-	3900
Dinâmica	0,75	10,3	2	73,5	75	39,19	-	3184
Dinâmica	0,75	16,7	2	72	30	29,98	-	3702
Dinâmica	0,75	14,1	1,5	72	115	29,98	-	2781
Dinâmica	0,8	25,8	2,5	72	30	30,842	-	4098
Dinâmica	0,8	17,8	2	72	50	29,146	-	3599
Dinâmica	0,8	19,2	1,5	72	40	30,1	-	3804
Dinâmica	0,8	26,6	1,2	72	30	34,415	-	3783
Dinâmica	0,8	4,35	0,6	72	2	34,415	-	5350
Dinâmica	0,8	13,8	1	72	130	29,98	-	2121
Dinâmica	0,8	11,1	2	75	70	29,98	-	2911
Dinâmica	0,8	13,1	2,75	75	20	29,98	-	3255
Dinâmica	0,8	18,2	2,5	72	90	34,415	-	3406
Dinâmica	0,8	14	1	72	10	29,98	-	4429
Dinâmica	0,8	21,5	1,5	72	30	35,339	-	4429
Dinâmica	0,9	22,6	2,3	72	40	30,1	-	4862
Dinâmica	0,9	9,61	1,5	72	30	34,415	-	3881
Dinâmica	0,9	22,9	1,5	72	10	34,415	-	9737
Dinâmica	0,9	19	1,5	72	15	34,415	-	5025
Dinâmica	0,9	17,8	1,5	72	5	34,415	-	10389
Dinâmica	0,9	20,7	1,75	72	30	34,415	-	5150
Dinâmica	0,9	13,2	1,5	72	40	27,596	-	3845
Dinâmica	0,9	5,1	1	72	10	34,415	-	9944
Dinâmica	0,9	19,4	1,5	72	32	36,087	-	4089
Dinâmica	0,9	16,8	2	80	5	36,08	-	11124
Dinâmica	0,9	16,9	2	80	5	36,08	-	12324
Dinâmica	1	22,5	2,5	72	25	34,968	-	7805
Dinâmica	1	28,1	1,75	73,5	15	37,224	-	11790
Dinâmica	1	22,1	2	72	20	34,415	-	4915
Dinâmica	1	20,6	1,75	72	5	31,541	-	7348
Dinâmica	1	24,7	1,5	72	1	29,98	-	7405
Dinâmica	1	26,4	1,5	72	2	31,016	-	7041
Dinâmica	1	20,8	1	72	10	29,98	-	5832
Dinâmica	1	24,4	1,5	72	30	29,298	-	4150
Dinâmica	1	9,8	1,5	75	8	34,415	-	4280
Dinâmica	1	10	2	75	20	37,033	-	3246
Dinâmica	1	10,3	1,5	75	25	36,275	-	3416
Dinâmica	1	9,3	1	75	50	36,275	-	3279
Dinâmica	1	19,48	1,5	72	10	34,415	-	3250
Dinâmica	1,2	24,8	2,5	75	25	23,519	-	11149
Dinâmica	1,2	26	1,5	72	5	34,415	-	10480
Dinâmica	1,2	22	2	72	10	34,415	-	8530
Dinâmica	1,2	23,2	1,5	72	1	29,894	-	8127
Dinâmica	1,2	23,2	2	72	10	34,415	-	6380
Dinâmica	1,2	20,4	2	72	20	41,542	-	5991
Dinâmica	1,2	8,9	1,5	85	10	34,415	-	8800
Dinâmica	0,3	19,25	1,5	20	5	36,08	-	1482
Dinâmica	0,3	19	1,5	20	2	36,08	-	1231
Dinâmica	0,3	19	0,5	50	10	36,08	-	1557
Dinâmica	0,3	19	0,5	50	5	36,08	-	1589
Dinâmica	0,3	19,5	1	30	5	36,08	-	1630
Dinâmica	0,3	19,1	1	30	2	36,08	-	1905
Dinâmica	0,3	16,25	1	30	5	36,08	-	1508
Dinâmica	0,35	6	0,45	35	30	30,57	-	920
Dinâmica	0,355	12	1	30	10	36,08	-	1508
Dinâmica	0,355	15	1	50	5	36,08	-	961
Dinâmica	0,4	24	1,6	32	2	36,08	-	2432
Dinâmica	0,18	13	0,5	16,5	110	34,543	-	262
Dinâmica	0,17	9,15	0,2	20	30	37,21	-	360
Dinâmica	0,17	9,15	0,4	20	85	37,21	-	389
Dinâmica	0,17	9,15	0,6	20	140	37,21	-	396
Dinâmica	0,17	9,15	0,8	20	210	37,21	-	399
Dinâmica	0,17	9,15	1	20	275	37,21	-	402
Dinâmica	0,33	10,4	1	28	25	35,74	-	2271
Dinâmica	0,33	10,5	1	28	10	30,14	-	1695
Dinâmica	0,33	10,83	1	28	20	30,14	-	2166
Dinâmica	0,33	10,83	1	28	40	30,14	-	1902
Dinâmica	0,2	11	0,5	15	30	39,48	-	443
Dinâmica	0,17	7,9	0,6	20	110	33,49	-	380
Dinâmica	0,42	10,1	1,4	30	20	30	25,6354	1730
Dinâmica	0,42	10,1	1,6	30	30	30	25,6354	1770
Dinâmica	0,42	10,1	1,8	30	40	30	25,6354	1790
Dinâmica	0,42	10,1	2	30	50	30	25,6354	1800
Dinâmica	0,42	10,1	2,5	30	60	30	25,6354	1790
Dinâmica	0,42	10,1	3	30	90	30	25,6354	1810
Dinâmica	0,42	13,5	1,2	28,6	10	30	33,7533	1370
Dinâmica	0,42	13,5	1,4	28,6	20	30	33,7533	1400
Dinâmica	0,42	13,5	1,6	28,6	50	30	33,7533	1350
Dinâmica	0,42	13,5	1,7	28,6	55	30	33,7533	1350
Dinâmica	0,42	13,5	1,8	28,6	75	30	33,7533	1270
Dinâmica	0,42	13,5	1,9	28,6	95	30	33,7533	1260
Dinâmica	0,42	13,5	2	28,6	95	30	33,7533	1270
Dinâmica	0,42	13,5	2,1	28,6	125	30	33,7533	1270
Dinâmica	0,7	16,4	0,8	80	10	30	113,7005	3940
Dinâmica	0,7	16,4	1	80	20	30	113,7005	4210
Dinâmica	0,7	16,4	1,2	80	30	30	113,7005	4420
Dinâmica	0,7	16,4	1,4	80	40	30	113,7005	4500
Dinâmica	0,7	16,4	1,6	80	50	30	113,7005	4670
Dinâmica	0,7	16,4	1,8	80	50	30	113,7005	4630
Dinâmica	0,7	16,4	2	80	65	30	113,7005	4690
Dinâmica	0,7	16,4	2,5	80	75	30	113,7005	4850
Dinâmica	0,7	16,4	3	80	100	30	113,7005	4830
Dinâmica	0,7	16,4	4	80	150	30	113,7005	5120
Dinâmica	0,42	22	0,8	50	10	30	50,4163	1665
Dinâmica	0,42	22	0,9	50	20	30	50,4163	1780
Dinâmica	0,42	22	1	50	30	30	50,4163	1840
Dinâmica	0,42	22	1,2	50	40	30	50,4163	1930
Dinâmica	0,5	21,8	2,4	40,5	15	28,291	110,35584	2362,4
Dinâmica	0,5	20,6	3,4	40,5	70	28,291	108,273024	2661,6
Dinâmica	0,5	13,1	2,8	40,5	100	25,0605	71,78196	2264,3
Dinâmica	0,5	21,1	3,2	50	50	31,7173	110,0088	3329,4
Dinâmica	0,5	21,9	3,2	50	70	33,5038	141,601824	2468,5
Dinâmica	0,5	22,1	3,2	50	40	33,5038	174,19704	3756,5
Dinâmica	0,5	11,4	1,8	50	100	33,5038	68,263008	2451
Dinâmica	0,5	13,4	2,2	50,5	100	33,5038	84,98952	2915,6
Dinâmica	0,5	23,2	1,8	40,5	50	28,291	123,269616	2287,6
Dinâmica	0,5	13,5	2	40,5	15	28,291	69,1128	2999,9
Dinâmica	0,5	18,2	3,6	40,5	60	28,291	163,5192	2701,4
Dinâmica	0,5	18,3	2,6	40,5	20	25,0605	110,746272	4579,6
Dinâmica	0,5	21,2	2	50	30	28,291	150,2496	2942,1
Dinâmica	0,5	12,8	2	50	70	28,291	65,999328	2475,9
Dinâmica	0,4	16,4	1,2	31	30	25,0605	56,12928	1579,7
Dinâmica	0,4	18,4	1,5	31	30	25,052	65,12064	1861,1
Dinâmica	0,4	16,4	1,5	31	30	25,0605	56,264256	1069,6
Dinâmica	0,4	15,8	1,1	31	35	25,0605	59,0724	1506,8
Dinâmica	0,4	15,9	1,5	31	50	25,0605	56,06784	1646,7
Dinâmica	0,4	17	1,2	31	40	25,0605	62,09664	1060
Dinâmica	0,4	18	1,7	31	45	25,0605	71,3892	1727,5
Dinâmica	0,4	18	1,3	31	30	25,0605	61,2048	1336,3
Dinâmica	0,6	14,9	1,8	51	20	25,0605	126,4284	1327,4
Dinâmica	0,6	16,4	2	51	30	25,0605	128,94024	1920
Dinâmica	0,4	17,4	1,4	31	10	25,0605	65,5284	1562,5
Dinâmica	0,4	16,9	1,7	31	30	25,0605	64,592688	1136,5
Dinâmica	0,4	16,2	1,1	31	20	25,0605	53,30016	599,3
Dinâmica	0,4	16,9	1,5	31	30	25,0605	67,248384	1320,3
Dinâmica	0,4	15,6	0,9	31	50	25,0605	54,90816	1102
Dinâmica	0,4	18	1,2	31	28	25,0605	68,4744	1216,5
Dinâmica	0,4	17,5	0,7	31	20	25,0605	71,92416	1046,6
Dinâmica	0,4	18,8	0,9	31	30	25,0605	62,317824	1560,1
Dinâmica	0,4	17,6	1	31	20	25,0605	60,524448	1691,4
Dinâmica	0,5	17,5	1,5	31	25	25,0605	93,80064	1981,4
Dinâmica	0,4	18,9	1	31	20	25,0605	66,99912	1834,5
Dinâmica	0,5	16,3	1,1	51	40	25,0605	89,21088	1936,3
Dinâmica	0,6	18,6	1,7	51	30	25,0605	146,86776	2969,8
Dinâmica	0,5	17,6	1,4	51	10	25,0605	86,3496	1112,2
Dinâmica	0,4	15,7	1,8	31	20	25,0605	48,9786	1119,7
Dinâmica	0,5	18,2	1,7	51	30	25,0605	83,32992	1724,8
Dinâmica	0,4	14,3	1,5	31	30	25,0605	44,432688	885
Dinâmica	0,3	8,6	1,4	20	130	28,451	14,993349	518,5
Dinâmica	0,4	23,3	1,2	16	3	24,4304	65,6832	1492,3
Dinâmica	0,8	20,9	2,8	80	30	26,6513	300,3984	4024,9
Dinâmica	0,8	20,5	2,8	80	10	27,465	291,384	4292,7
Dinâmica	0,6	15	2,5	39,5	25	27,4814	99,4752	2478,9
Dinâmica	0,5	14,2	2	39,5	40	27,4814	65,626	2280,6
Dinâmica	0,5	16,5	1,6	39,5	30	27,4814	75,1245	1960,4
Dinâmica	0,5	15,7	1,8	39,5	40	27,4814	71,6705	2114,8
Dinâmica	0,5	15,5	1,4	39,5	40	26,4393	71,6705	2322,6
Dinâmica	0,5	15,8	1,4	39,5	40	25,9334	75,02308	2149
Dinâmica	0,5	16,1	1,8	39,5	40	27,4814	73,82925	2434,9
Dinâmica	0,4	15,4	0,8	39,5	40	25,9334	44,48752	1802,4
Dinâmica	0,5	15,9	2,2	39,5	80	27,4814	72,534	1361,5
Dinâmica	0,5	18	1,4	39,5	10	27,4814	81,60075	2340,5
Dinâmica	0,6	16,1	2	39,5	20	25,9334	106,31412	2482,1
Dinâmica	0,4	10	0,6	39,5	160	27,4814	29,56624	981,5
Dinâmica	0,5	10,6	2,6	23	20	19,2726	66,98475	2212,6
Dinâmica	0,65	14,1	2	50	5	25,9334	98,52656	3388,6
Dinâmica	0,65	14	2	50	40	25,9334	116,46712	2342
Dinâmica	0,65	14,1	2,2	50	2	25,9334	128,83992	2301,2
Dinâmica	0,4	12,7	1,6	16	30	22,9722	50,3712	1036,2
Dinâmica	0,4	12,7	0,8	16	20	22,9722	41,5272	704,8
Dinâmica	0,4	12,7	1,6	16	35	22,9722	43,47772	991,7
Dinâmica	0,4	13,1	0,8	16	20	22,9722	43,46496	1164,6
Dinâmica	0,4	13,1	1	16	20	22,9722	40,65138	1050,7
Dinâmica	0,4	12,7	1,6	16	20	22,9722	35,92512	808,3
Dinâmica	0,4	12,8	1,2	16	30	22,9722	38,1205	1001,3
Dinâmica	0,4	13	1,6	16	30	22,9722	46,63824	945,4
Dinâmica	0,4	12,7	1,8	16	30	22,9722	58,91864	811
Dinâmica	0,4	12,7	1,7	16	40	22,9722	45,67992	1222,5
Dinâmica	0,4	12,9	1,4	16	20	22,9722	37,5947	1013
Dinâmica	0,5	15,4	1,3	31	10	27,4814	85,72608	2145,5
Dinâmica	0,5	21,8	0,6	35	5	22,9722	125,99807	2244,4
Dinâmica	0,5	22,2	1,4	35	5	22,9722	108,05817	2416,9
Dinâmica	0,5	18,7	0,6	35	5	22,9722	94,07112	2345,8
Dinâmica	0,5	11,1	1,2	36	50	24,4304	54,41436	1665,1
Dinâmica	0,5	5,2	0,8	36	110	22,9722	28,50276	409,6
Dinâmica	0,3	10	1,8	22	10	25,5408	18,6737	1950,7
Dinâmica	0,9	14,3	0,23	65	20	35	-	3603
Dinâmica	0,9	14,3	0,53	65	40	35	-	5560
Dinâmica	0,9	14,3	0,84	65	30	35	-	7339
Dinâmica	0,9	14,3	0,53	65	20	35	-	3914
Dinâmica	0,9	14,3	0,84	65	30	35	-	6983
Dinâmica	0,9	14,3	1,14	65	30	35	-	9741
Dinâmica	0,9	14,3	0,38	65	10	35	-	3069
Dinâmica	0,9	14,3	0,69	65	50	35	-	6316
Dinâmica	0,9	14,3	0,99	65	40	35	-	9163
Dinâmica	0,9	10,1	0,83	65	60	35	-	5400
Dinâmica	0,9	10,1	0,83	65	60	35	-	7000
Dinâmica	0,9	10,1	1,17	65	60	35	-	9080
Dinâmica	0,9	10,2	0,91	65	10	35	-	6910
Dinâmica	0,9	10,2	1,17	65	10	35	-	6680
Dinâmica	0,9	10,2	1,17	65	10	35	-	9140
Dinâmica	0,9	10,5	0,91	65	20	35	-	6920
Dinâmica	0,9	10,5	1,17	65	20	35	-	8370
Dinâmica	0,9	10,1	0,64	65	30	35	-	3560
Dinâmica	0,9	10,1	0,97	65	90	35	-	5220
Dinâmica	0,9	10,1	0,97	65	40	35	-	7740
Dinâmica	0,46	8,2	0,58	65	20	35	-	2730
Dinâmica	0,46	8,2	0,58	65	20	35	-	2330
Dinâmica	0,7	12,2	0,7	70	5	29,5	62,22	2940
Dinâmica	0,7	12,2	1,1	70	10	29,5	62,22	2892
Dinâmica	0,7	12,2	1,4	70	25	29,5	62,22	3064
Dinâmica	0,7	12,2	1,8	70	50	29,5	62,22	3203
Dinâmica	0,7	13,2	0,8	60	10	29,5	67,32	2207
Dinâmica	0,7	13,2	1	60	30	29,5	67,32	2384
Dinâmica	0,7	13,2	1	60	20	29,5	67,32	2411
Dinâmica	0,7	13,2	1,4	60	40	29,5	67,32	2670
Dinâmica	0,7	14,8	0,4	70	5	29,5	75,48	1680
Dinâmica	0,7	14,8	0,6	70	5	29,5	75,48	2130
Dinâmica	0,7	14,8	0,8	70	5	29,5	75,48	2369
Dinâmica	0,7	14,8	1	70	5	29,5	75,48	2547
Dinâmica	0,7	14,8	1,2	70	10	29,5	75,48	2663
Dinâmica	0,7	14,8	1,4	70	20	29,5	75,48	2681
Dinâmica	0,2	12,5	0,4	20	40	39,1571	8,97	320
Dinâmica	0,17	16	0,6	20	110	33,5038	8,16	277
Dinâmica	0,24	13	0,6	20	85	35,3393	12,61	352
Dinâmica	0,2	15,5	0,6	20	60	29,9797	11,04	438
Dinâmica	0,17	10,5	0,6	20	200	28,291	5,61	244
Dinâmica	0,17	13	1,2	20	30	31,7173	6,63	736
Dinâmica	0,33	15,5	0,6	20	20	31,7173	23,36	677
Dinâmica	0,2	12,4	0,6	20	20	35,3393	8,97	426
Dinâmica	0,17	11,5	0,8	20	20	35,3393	6,12	351
Dinâmica	0,24	11,8	0,6	20	40	31,7173	8,28	341
Dinâmica	0,1413	21,4	1,2	28,7	30	209,8	4,905	1030
Dinâmica	0,1413	21,3	1,2	28,7	40	209,8	4,8832	930
Dinâmica	0,1683	21,2	1,8	44,4	270	209,8	6,2543	1110
Dinâmica	0,1683	21,6	1,4	28,7	20	209,8	6,4241	1260
Dinâmica	0,2191	21,4	1,75	59,3	30	209,8	10,2831	2350
Dinâmica	0,2191	21,3	2	44,4	40	209,8	10,419	2430
Dinâmica	0,2191	21,4	2,25	59,3	50	209,8	11,11715	2850
Dinâmica	0,2191	21,2	1,5	44,4	30	209,8	11,1418	2560
Dinâmica	0,273	22,15	2,4	28,7	20	209,8	14,26095	2270
Dinâmica	0,3556	21,5	2	59,3	10	209,8	18,5364	3090
Dinâmica	0,3556	21,85	2	59,3	10	209,8	30,324	4250
Dinâmica	0,3556	21,95	4	59,3	130	209,8	48,2625	5920
Dinâmica	0,3556	21,7	3,5	59,3	40	209,8	45,24	6770
Dinâmica	0,3	28,6	0,6	50	5	210	11,011	1449
Dinâmica	0,3	26,2	0,8	50	5	210	10,087	1421
Dinâmica	0,3	24,4	0,6	50	5	210	9,394	1249
Dinâmica	0,3	28,4	1,2	50	5	210	10,934	1289
Dinâmica	0,3	26,35	0,6	50	5	210	10,14475	1214
Dinâmica	0,3	23,4	0,5	50	15	210	9,009	1284
Dinâmica	0,3	25,6	0,4	50	5	210	9,856	1111
Dinâmica	0,3	26,05	0,6	50	5	210	10,02925	1403
Dinâmica	0,3	29	0,8	50	5	210	11,165	1327
Dinâmica	0,3	33,65	0,8	50	5	210	12,936	1339
Dinâmica	0,3	25,3	0,6	50	5	210	9,7405	1180
Dinâmica	0,3	33	0,8	50	5	210	12,705	1318
Dinâmica	0,3	26,4	0,6	40	15	210	10,164	1374
Dinâmica	0,3	23,3	0,6	50	10	210	8,9705	1433
Dinâmica	0,3	23,3	0,6	50	5	210	8,9705	1384
Dinâmica	0,3	22,3	0,6	50	5	210	8,5855	1333
